Accuracy: 0.8282828282828283
Precision: 0.8118811881188119
Recall: 0.7192982456140351
F1-score: 0.7627906976744186
